0 0.5827 0.5623 0.3671 0.2837
0 0.2907 0.5636 0.2817 0.2155
2 0.0947 0.7000 0.1472 0.1059
1 0.2049 0.7887 0.1789 0.1443
1 0.1020 0.9067 0.1716 0.1210
5 0.5531 0.2690 0.1280 0.0970
4 0.6739 0.6594 0.0688 0.0682
4 0.7912 0.6208 0.0499 0.0397
5 0.4993 0.3956 0.1561 0.1265
3 0.5185 0.4648 0.1151 0.0878
3 0.3915 0.4273 0.0919 0.0689
3 0.4039 0.4909 0.1227 0.1039
3 0.4874 0.5401 0.0939 0.0717
3 0.3284 0.5833 0.0602 0.0590
3 0.5534 0.5640 0.1333 0.0967
3 0.4408 0.6070 0.1065 0.0910
3 0.3391 0.6417 0.0394 0.0375
3 0.5605 0.6608 0.1190 0.0915
3 0.4787 0.6820 0.0837 0.0828
3 0.5767 0.7445 0.0985 0.0873
3 0.5283 0.7529 0.0394 0.0722
3 0.5767 0.8027 0.0761 0.0618