2 0.4535 0.4876 0.3608 0.2644
4 0.3323 0.2754 0.1607 0.1173
5 0.3252 0.3821 0.1518 0.1059
3 0.3451 0.5160 0.1174 0.0950
3 0.5288 0.4348 0.1190 0.1017
3 0.4385 0.4094 0.0317 0.0290
3 0.3767 0.4370 0.0417 0.0402
3 0.4112 0.3713 0.0413 0.0521
3 0.4251 0.3994 0.0665 0.0528
3 0.5473 0.5686 0.1071 0.0975
3 0.4249 0.4535 0.0403 0.0424
3 0.4525 0.4275 0.0374 0.0409
3 0.4268 0.6343 0.0777 0.1000
3 0.6263 0.6668 0.0622 0.0563
3 0.5714 0.7417 0.0972 0.0866
3 0.5127 0.7344 0.0671 0.0680
3 0.4954 0.8026 0.0774 0.0774
3 0.6076 0.8503 0.0718 0.0851
5 0.6262 0.9735 0.0546 0.0526
5 0.9269 0.3105 0.0675 0.0481
3 0.9441 0.3347 0.0569 0.0459
3 0.9666 0.3679 0.0589 0.0484
3 0.9691 0.4106 0.0599 0.0424
3 0.9616 0.4547 0.0542 0.0424
3 0.9783 0.4776 0.0427 0.0379
3 0.9534 0.4912 0.0331 0.0330
3 0.6850 0.9493 0.0546 0.0518