0 0.7058 0.5948 0.2679 0.1954
0 0.4950 0.6145 0.2138 0.1738
0 0.2968 0.5663 0.2160 0.1553
0 0.7348 0.2613 0.1561 0.1149
0 0.7667 0.3269 0.1417 0.0827
0 0.4473 0.2966 0.1817 0.1380
0 0.3418 0.3518 0.1458 0.1070
0 0.4284 0.4020 0.1125 0.0815
1 0.3579 0.5831 0.1016 0.0714
0 0.3167 0.6496 0.1212 0.0940
0 0.4269 0.6369 0.0955 0.0772
0 0.5575 0.6069 0.1157 0.0839
0 0.5077 0.6782 0.1090 0.0791
0 0.5479 0.7174 0.1542 0.1079
1 0.2646 0.7256 0.0548 0.0224
2 0.2205 0.7630 0.0321 0.0413
1 0.2615 0.7569 0.0788 0.0608
0 0.2771 0.8046 0.0734 0.0591