0 0.0375 0.6411 0.0750 0.1274
2 0.4311 0.7433 0.2429 0.2043
2 0.5768 0.6566 0.1965 0.1623
4 0.1284 0.3812 0.1913 0.1337
4 0.8679 0.3203 0.0679 0.0483
4 0.9816 0.3109 0.0356 0.0464
3 0.8651 0.3721 0.0519 0.0428
4 0.5526 0.3900 0.0513 0.0411
5 0.4141 0.5160 0.1410 0.1166
3 0.5540 0.4816 0.1894 0.1310
3 0.8671 0.5446 0.1817 0.1363
3 0.4356 0.6130 0.1224 0.0966
3 0.2941 0.6466 0.1163 0.0913
3 0.2064 0.7044 0.1032 0.0858
3 0.1575 0.7893 0.0702 0.0546
3 0.3048 0.8060 0.0949 0.0755
3 0.6218 0.6167 0.1455 0.1022
3 0.7008 0.6793 0.0971 0.0615
3 0.9178 0.6584 0.1446 0.0966