1 0.6473 0.4100 0.2761 0.1979
0 0.5098 0.5682 0.3171 0.1959
0 0.2340 0.6060 0.1538 0.0975
1 0.3309 0.6590 0.2087 0.1295
0 0.2126 0.7264 0.2116 0.1528
0 0.3471 0.7752 0.1419 0.1084
1 0.1984 0.8346 0.1091 0.0794
4 0.6176 0.2158 0.1015 0.0962
4 0.4180 0.2579 0.1468 0.1071
4 0.4931 0.3689 0.1025 0.0727
4 0.4263 0.5025 0.2222 0.1701
4 0.2503 0.4927 0.1607 0.1282
5 0.6495 0.3643 0.0595 0.0739
4 0.5777 0.5392 0.1243 0.1012
5 0.5155 0.6505 0.2063 0.1572
5 0.6731 0.7153 0.1524 0.1007
3 0.9727 0.7279 0.0539 0.0838
3 0.8466 0.6076 0.1468 0.0928
3 0.9681 0.9736 0.0605 0.0513
3 0.7492 0.8600 0.1538 0.1084
3 0.5217 0.8144 0.1306 0.0900
3 0.4707 0.9128 0.1855 0.1461
3 0.3520 0.9198 0.0969 0.0995