0 0.4623 0.5778 0.3183 0.2546
0 0.3107 0.5040 0.2183 0.1387
5 0.1534 0.0508 0.1798 0.1017
3 0.1426 0.1441 0.1295 0.0969
4 0.6772 0.1035 0.2654 0.2070
3 0.1069 0.2774 0.0683 0.0865
4 0.0178 0.2650 0.0356 0.0690
4 0.2888 0.3249 0.3494 0.3075
3 0.4635 0.4218 0.1571 0.1401
3 0.6343 0.4657 0.2231 0.1603
3 0.0918 0.4107 0.1112 0.0748
3 0.1766 0.4531 0.0949 0.0659
4 0.0199 0.5118 0.0397 0.0567
4 0.1034 0.5347 0.1144 0.0791
4 0.2072 0.5797 0.1061 0.0738
3 0.4181 0.6184 0.1849 0.1425
5 0.0926 0.6558 0.1071 0.0851
3 0.1250 0.7207 0.0878 0.0707
5 0.1982 0.7042 0.0997 0.0704
3 0.6370 0.7291 0.1747 0.1279
3 0.4609 0.8010 0.1564 0.1231