5 0.3359 0.6359 0.2327 0.1724
5 0.3410 0.5103 0.1821 0.1053
5 0.2154 0.6535 0.1237 0.1329
5 0.4596 0.4596 0.0923 0.0635
3 0.1473 0.7549 0.1529 0.1036
3 0.2873 0.8347 0.1042 0.0752
3 0.3925 0.7147 0.0689 0.0423
3 0.4152 0.8071 0.1285 0.1017
3 0.4854 0.8893 0.0856 0.0627
4 0.0444 0.7089 0.0875 0.1255
3 0.5925 0.7786 0.1151 0.0476
3 0.5925 0.7100 0.1753 0.1320
5 0.5205 0.0971 0.2026 0.1663
4 0.3514 0.2356 0.2926 0.2827
5 0.4452 0.3444 0.1917 0.1474
3 0.3946 0.5459 0.2244 0.1644
3 0.6216 0.6112 0.1913 0.1517
3 0.4252 0.7495 0.1804 0.1486
3 0.4712 0.8643 0.1654 0.1329