2 0.3666 0.4529 0.1465 0.0972
1 0.6559 0.3925 0.2907 0.1992
0 0.6391 0.2557 0.1405 0.0873
2 0.5463 0.3436 0.1792 0.1848
2 0.7895 0.3496 0.1882 0.1615
0 0.9229 0.3375 0.1534 0.1146
0 0.8887 0.4686 0.2219 0.1476
3 0.7895 0.4344 0.1300 0.0965
3 0.7907 0.5026 0.0569 0.0429
3 0.7675 0.5580 0.0608 0.0461
3 0.6329 0.4411 0.1515 0.1198
3 0.6620 0.5278 0.1157 0.0813
3 0.6782 0.5696 0.0681 0.0409
3 0.4727 0.2295 0.1961 0.1595
3 0.1429 0.1545 0.0860 0.0680
3 0.0316 0.0711 0.0625 0.1014
3 0.0456 0.2950 0.0675 0.0538
3 0.0208 0.3471 0.0403 0.0508
3 0.0465 0.2436 0.0711 0.0595
4 0.1749 0.4929 0.1878 0.1243
3 0.4962 0.4586 0.1359 0.0982
3 0.4031 0.5181 0.1290 0.0982
3 0.3236 0.6045 0.0718 0.0538
3 0.3042 0.6488 0.0615 0.0446
3 0.2569 0.6305 0.0866 0.0630
3 0.2675 0.6746 0.0410 0.0293
3 0.2221 0.6873 0.0532 0.0327
3 0.1946 0.6267 0.0546 0.0471
3 0.7054 0.6455 0.0437 0.0300
3 0.6824 0.6080 0.0473 0.0360
3 0.7827 0.6400 0.0271 0.0181
5 0.1210 0.8251 0.0741 0.0660
3 0.1042 0.8755 0.0456 0.0427
3 0.1184 0.9089 0.0569 0.0439
3 0.0678 0.9501 0.0589 0.0466
3 0.1455 0.8524 0.0430 0.0521