0 0.5918 0.5347 0.4298 0.2647
1 0.3043 0.4532 0.2413 0.1906
0 0.3744 0.6239 0.2295 0.1642
4 0.0487 0.6721 0.0962 0.0462
4 0.0498 0.7389 0.0984 0.1207
4 0.1325 0.7945 0.1452 0.1111
4 0.3785 0.4499 0.1013 0.0733
4 0.4566 0.5096 0.1260 0.0952
5 0.3535 0.5340 0.1096 0.0834
5 0.4521 0.5946 0.1099 0.0825
5 0.3946 0.6392 0.1122 0.0966
3 0.3232 0.6258 0.0849 0.0724
3 0.3354 0.7031 0.0721 0.0673
3 0.3808 0.7292 0.1026 0.0887
5 0.4962 0.7172 0.1513 0.1075
3 0.6269 0.7892 0.1474 0.1072
5 0.5891 0.4662 0.1391 0.0964
5 0.6627 0.4762 0.0663 0.0721
3 0.7107 0.4288 0.0798 0.0577
3 0.0481 0.9776 0.0962 0.0433
3 0.0615 0.1704 0.0327 0.0250
4 0.0106 0.1814 0.0205 0.0315
5 0.1429 0.1596 0.0205 0.0240
5 0.0764 0.1685 0.0324 0.0264
3 0.2263 0.1695 0.0314 0.0279
5 0.2356 0.1817 0.0314 0.0231