4 0.5119 0.4480 0.1571 0.1209
4 0.4386 0.6082 0.1875 0.1462
4 0.5397 0.6272 0.1141 0.1207
4 0.4787 0.7309 0.1478 0.1156
3 0.3724 0.8020 0.1462 0.1204
3 0.5006 0.8406 0.1346 0.1091
5 0.3582 0.9571 0.0215 0.0353
5 0.2766 0.8651 0.0404 0.0370
3 0.2098 0.7942 0.0407 0.0370
3 0.1780 0.7441 0.0471 0.0353
3 0.1716 0.7887 0.0388 0.0284
3 0.3827 0.7918 0.0353 0.0284
3 0.3454 0.7942 0.0381 0.0332
3 0.2595 0.7672 0.0484 0.0382
3 0.2721 0.7403 0.0519 0.0425
3 0.3245 0.7714 0.0452 0.0317
3 0.3176 0.7375 0.0487 0.0389
3 0.3877 0.7601 0.0465 0.0380
5 0.3681 0.7130 0.0413 0.0423
3 0.3979 0.6936 0.0894 0.0743
3 0.3204 0.6906 0.0702 0.0538
3 0.6319 0.6948 0.0837 0.0517
3 0.3054 0.6404 0.1083 0.0726
3 0.4441 0.6316 0.1042 0.0762
3 0.3615 0.5791 0.1199 0.0822
3 0.6312 0.6463 0.0920 0.0748
3 0.6679 0.6016 0.0846 0.0550
3 0.6869 0.5520 0.0917 0.0709
3 0.5952 0.5690 0.1109 0.0779
3 0.4878 0.5666 0.1083 0.0760
5 0.6635 0.4377 0.1083 0.0817
5 0.4043 0.4981 0.1439 0.0990
3 0.4314 0.3738 0.0449 0.0322
3 0.4268 0.4227 0.0356 0.0276
3 0.5556 0.4892 0.0292 0.0255
3 0.4675 0.3734 0.0330 0.0329
3 0.6071 0.0540 0.0558 0.0339
3 0.6676 0.1147 0.0494 0.0462
3 0.6207 0.1374 0.0401 0.0392
3 0.6737 0.1534 0.0468 0.0380
3 0.6173 0.1933 0.0513 0.0370
3 0.6713 0.2129 0.0420 0.0296
3 0.6502 0.2451 0.0420 0.0305
3 0.6120 0.2299 0.0298 0.0334
3 0.6343 0.2778 0.0346 0.0291
3 0.5901 0.2912 0.0327 0.0272
3 0.6135 0.3029 0.0269 0.0221
3 0.4768 0.3202 0.0292 0.0312
4 0.3490 0.3362 0.0353 0.0272
3 0.3893 0.3966 0.0337 0.0250
3 0.3433 0.4069 0.0314 0.0257
5 0.3963 0.3621 0.0343 0.0267
5 0.4228 0.3484 0.0353 0.0291
3 0.3835 0.4299 0.0311 0.0243
3 0.6149 0.4073 0.0279 0.0243
3 0.5593 0.4690 0.0212 0.0245
3 0.5830 0.4233 0.0186 0.0279
5 0.4827 0.3412 0.0199 0.0310
3 0.6090 0.4665 0.0231 0.0175