0 0.4668 0.3698 0.2569 0.1969
0 0.5288 0.4830 0.1528 0.0503
1 0.2862 0.4931 0.3694 0.2857
0 0.5403 0.6721 0.3816 0.3482
4 0.2955 0.8219 0.2259 0.1845
4 0.4914 0.7083 0.1614 0.1205
4 0.4487 0.5730 0.1415 0.1024
4 0.3943 0.7932 0.1240 0.1235
4 0.7741 0.1729 0.2222 0.1711
5 0.6959 0.2786 0.1624 0.1391
5 0.7065 0.3925 0.1286 0.1014
3 0.9130 0.3340 0.1429 0.0995
3 0.8416 0.4085 0.1462 0.1076
3 0.3879 0.1145 0.1065 0.0613
3 0.1362 0.0838 0.1620 0.1513
3 0.1930 0.1752 0.0678 0.0652
3 0.5529 0.5753 0.0761 0.0593
3 0.7791 0.8576 0.1171 0.1071
3 0.5936 0.6784 0.1157 0.0885
3 0.5893 0.9296 0.1534 0.1205
3 0.5256 0.9807 0.1445 0.0372
5 0.2419 0.6422 0.1809 0.1327
5 0.2434 0.5500 0.0860 0.0692
5 0.2713 0.7142 0.1452 0.0950
3 0.3396 0.9561 0.1422 0.0863