0 0.8102 0.3015 0.3201 0.2026
0 0.5481 0.3278 0.2206 0.1545
0 0.1349 0.3460 0.1858 0.1324
0 0.1739 0.2882 0.1329 0.0942
2 0.1610 0.6027 0.1045 0.0714
0 0.2493 0.6198 0.0959 0.0689
1 0.4048 0.7484 0.1772 0.1352
1 0.5248 0.8125 0.1739 0.1389
1 0.4940 0.9588 0.1038 0.0818
1 0.1748 0.4508 0.0625 0.0454
0 0.7480 0.4346 0.2242 0.2790
0 0.5901 0.4478 0.3509 0.2984
1 0.3735 0.6071 0.2517 0.2173
0 0.2143 0.6784 0.1925 0.1525
0 0.1483 0.5278 0.2874 0.2044
0 0.0916 0.7206 0.1726 0.0890
0 0.1129 0.8100 0.2226 0.1314