3 0.6184 0.8773 0.1606 0.1190
3 0.5487 0.8010 0.1968 0.1519
3 0.9109 0.7286 0.1128 0.1024
3 0.8256 0.6257 0.1526 0.1197
3 0.6524 0.6472 0.2266 0.1700
3 0.8208 0.4913 0.1667 0.1341
3 0.6777 0.4537 0.1529 0.1204
3 0.5351 0.6706 0.0990 0.1075
3 0.5385 0.5224 0.1667 0.1308
3 0.2163 0.7347 0.1429 0.1175
3 0.2417 0.7917 0.1218 0.0680
3 0.5865 0.2734 0.2141 0.1613
3 0.5255 0.4008 0.1285 0.1065
3 0.3019 0.2439 0.1609 0.0906
3 0.2955 0.3516 0.2122 0.1642
3 0.2683 0.5111 0.2064 0.1462
3 0.0976 0.5297 0.1490 0.1103
3 0.1077 0.7085 0.0917 0.0666
3 0.3199 0.5921 0.1654 0.1168
3 0.3686 0.6526 0.1205 0.0788
3 0.3633 0.7180 0.0612 0.0519
3 0.1325 0.6225 0.1196 0.0810
2 0.3537 0.8645 0.1183 0.0969
2 0.4556 0.2767 0.2189 0.1899
2 0.6263 0.3577 0.2186 0.1548