4 0.2984 0.3262 0.1596 0.1154
5 0.4867 0.3546 0.1170 0.0938
3 0.3856 0.4240 0.1558 0.1072
3 0.5574 0.4425 0.1237 0.0947
3 0.4928 0.5288 0.1337 0.0909
3 0.6341 0.5153 0.1151 0.0853
3 0.6535 0.6118 0.0974 0.0760
3 0.5537 0.6066 0.1215 0.0921
0 0.0684 0.1010 0.0522 0.0519
0 0.0454 0.1298 0.0696 0.0543
0 0.2482 0.2294 0.1260 0.0954
0 0.3683 0.4034 0.0558 0.0447
0 0.0819 0.1722 0.0253 0.0200
0 0.1024 0.5821 0.0875 0.0575
1 0.0659 0.6404 0.1125 0.0788
0 0.1354 0.6181 0.0676 0.0387
0 0.1545 0.6715 0.1013 0.0887
1 0.8845 0.7389 0.0574 0.0462
1 0.4987 0.7349 0.0795 0.0620
0 0.5409 0.7742 0.0574 0.0478
0 0.5827 0.7698 0.0564 0.0493
1 0.7038 0.5078 0.1288 0.0911
0 0.6787 0.5964 0.0990 0.0880