1 0.4061 0.5933 0.2500 0.1959
0 0.5506 0.6236 0.1389 0.0543
1 0.3295 0.7971 0.2219 0.2336
1 0.5756 0.7917 0.3773 0.3234
1 0.8444 0.7034 0.3105 0.2758
0 0.7789 0.8593 0.1015 0.0920
4 0.1146 0.1363 0.0956 0.0945
4 0.2100 0.2152 0.1190 0.0846
4 0.2809 0.2912 0.1366 0.1027
3 0.1639 0.3192 0.0837 0.0501
3 0.0718 0.3110 0.1124 0.0838
4 0.3905 0.2437 0.1521 0.1322
4 0.4654 0.1732 0.2397 0.1997
4 0.4410 0.4242 0.1908 0.1530
4 0.0331 0.8466 0.0648 0.0821
4 0.0236 0.7423 0.0460 0.0759
4 0.1648 0.7144 0.0810 0.0618
4 0.0929 0.7288 0.0913 0.0623
3 0.0488 0.8168 0.0823 0.0627
3 0.3413 0.3821 0.1329 0.1158
3 0.3755 0.4970 0.1591 0.1141
3 0.2938 0.4616 0.0731 0.0521
3 0.2607 0.4273 0.0691 0.0456
4 0.6189 0.3772 0.1868 0.1508
4 0.7290 0.4661 0.1518 0.1099
5 0.7383 0.5714 0.1452 0.1037
5 0.5901 0.5547 0.1405 0.1039
3 0.7259 0.6871 0.1078 0.0821
3 0.6412 0.6577 0.1316 0.1042
3 0.5747 0.6466 0.0959 0.0903
3 0.6819 0.8053 0.0635 0.0501
3 0.6124 0.8161 0.0893 0.0613
3 0.5817 0.7560 0.1316 0.1032
3 0.4889 0.8105 0.1187 0.0957
3 0.1710 0.3865 0.0377 0.0330