5 0.7002 0.6270 0.1888 0.1502
5 0.5816 0.5726 0.2272 0.1788
4 0.6250 0.4042 0.2115 0.1704
4 0.4651 0.3861 0.1250 0.1082
4 0.5622 0.2531 0.1654 0.1404
5 0.7232 0.3048 0.1670 0.1288
3 0.8079 0.3817 0.0926 0.0774
4 0.3215 0.2927 0.1936 0.1469
4 0.4848 0.2578 0.1484 0.1147
5 0.4713 0.3913 0.1510 0.1111
4 0.3641 0.3612 0.1853 0.1252
5 0.2861 0.4638 0.1702 0.1180
5 0.6184 0.4444 0.1433 0.1041
3 0.5152 0.5262 0.1644 0.1226
3 0.6332 0.5901 0.1503 0.1154
3 0.5449 0.6751 0.1346 0.1060
3 0.4437 0.7344 0.1260 0.0995
3 0.1583 0.5522 0.1282 0.0942
3 0.3498 0.7005 0.0760 0.0558