4 0.7018 0.2035 0.3138 0.2613
5 0.3936 0.2915 0.2904 0.2228
3 0.4196 0.4660 0.2026 0.1416
3 0.3710 0.6446 0.2452 0.2156
3 0.3481 0.7977 0.1981 0.1474
3 0.3152 0.8667 0.1279 0.0695
0 0.0813 0.1944 0.1612 0.1099
0 0.0375 0.3174 0.0750 0.1075
0 0.4296 0.4990 0.2561 0.1962
0 0.6327 0.6224 0.2801 0.2149
2 0.1040 0.6356 0.1516 0.1106
1 0.0465 0.7254 0.0929 0.1094
1 0.0981 0.7504 0.0814 0.0627
1 0.5383 0.7386 0.1298 0.1012
0 0.6184 0.7627 0.0888 0.0750
1 0.7497 0.8200 0.1571 0.1356
1 0.5038 0.8395 0.1013 0.1175
1 0.6112 0.8561 0.1692 0.1517