1 0.5227 0.3895 0.3304 0.2383
1 0.3423 0.5797 0.3598 0.2617
0 0.6596 0.5787 0.2847 0.1942
0 0.5736 0.7586 0.3105 0.2284
3 0.8695 0.5890 0.1366 0.1042
3 0.7135 0.5060 0.1273 0.0838
3 0.6858 0.6389 0.1032 0.0873
3 0.7235 0.6562 0.0668 0.0595
3 0.6533 0.5910 0.1405 0.0898
3 0.5916 0.6778 0.1131 0.0898
3 0.6417 0.4757 0.1062 0.0838
3 0.6944 0.5048 0.1171 0.0965
5 0.6149 0.3255 0.1134 0.0826
3 0.6063 0.3855 0.0995 0.0712
3 0.4502 0.4205 0.1677 0.1292
3 0.4029 0.5610 0.1491 0.1076
3 0.4372 0.6811 0.1508 0.1076
3 0.3730 0.7681 0.1171 0.1002
3 0.2449 0.5636 0.1935 0.1327
3 0.2745 0.7563 0.1124 0.0955
3 0.1708 0.7578 0.1260 0.0985
3 0.1273 0.6802 0.1786 0.1257
3 0.7388 0.5822 0.0708 0.0722