4 0.7088 0.4149 0.2715 0.1999
4 0.4324 0.1223 0.3013 0.2445
5 0.2717 0.5389 0.2483 0.1820
3 0.5187 0.6445 0.1948 0.1555
3 0.2670 0.6508 0.1875 0.0997
3 0.4307 0.7533 0.1273 0.1014
3 0.2803 0.7857 0.1359 0.1071
4 0.2131 0.4555 0.1200 0.0816
5 0.2983 0.5073 0.1303 0.0995
3 0.1984 0.5517 0.1124 0.0766
3 0.1954 0.6126 0.0906 0.0561
3 0.2829 0.6598 0.0823 0.0533
3 0.3312 0.6186 0.1022 0.0685
3 0.3838 0.5672 0.1134 0.0809
3 0.4173 0.4616 0.0933 0.0799
3 0.4851 0.5667 0.0966 0.0675
5 0.5212 0.4640 0.1296 0.0942
3 0.4909 0.3571 0.0863 0.0675
3 0.9170 0.1127 0.0833 0.0608
3 0.9107 0.0885 0.0694 0.0422
3 0.8138 0.1122 0.0741 0.0568
3 0.7573 0.1031 0.0549 0.0513
3 0.9816 0.2042 0.0360 0.0419
3 0.9423 0.1864 0.0572 0.0499
3 0.8859 0.1975 0.0728 0.0543
3 0.8851 0.2432 0.0625 0.0444
3 0.8137 0.1952 0.0592 0.0466
3 0.8077 0.2345 0.0565 0.0409
3 0.7584 0.1813 0.0665 0.0526
3 0.7548 0.2305 0.0453 0.0330
3 0.7201 0.1646 0.0526 0.0429
3 0.7047 0.2257 0.0483 0.0332
3 0.8132 0.2749 0.0397 0.0305
3 0.9451 0.0188 0.0807 0.0377
3 0.9851 0.0360 0.0291 0.0556