5 0.6991 0.4549 0.1303 0.1022
3 0.5005 0.5368 0.1055 0.0816
5 0.3373 0.4745 0.0847 0.0620
5 0.7822 0.6158 0.1624 0.1032
3 0.8143 0.7153 0.1075 0.0789
3 0.5362 0.6856 0.1399 0.1168
3 0.3758 0.6687 0.1220 0.0972
5 0.3431 0.5720 0.1141 0.0905
3 0.2920 0.5516 0.1012 0.0749
3 0.4919 0.8449 0.1147 0.0920
3 0.2887 0.8317 0.1098 0.0811
3 0.4709 0.7529 0.0780 0.0613
3 0.0180 0.2992 0.0347 0.0623
3 0.0162 0.3864 0.0311 0.0536
3 0.3490 0.8571 0.2166 0.1840
3 0.4110 0.7051 0.1938 0.1354
3 0.3495 0.6049 0.2156 0.1716
4 0.4238 0.4239 0.1683 0.0972
4 0.4150 0.5076 0.1858 0.1535
4 0.5301 0.1678 0.2996 0.2547
4 0.6098 0.2790 0.1753 0.1245
3 0.7566 0.1337 0.1329 0.1409
3 0.7857 0.2629 0.1356 0.1235
3 0.7191 0.2600 0.1240 0.0885
3 0.8977 0.1342 0.2034 0.1761
3 0.9137 0.2564 0.1567 0.0938
3 0.5706 0.4036 0.1240 0.0890
3 0.7513 0.3637 0.0899 0.0563
3 0.7493 0.4209 0.0681 0.0422