0 0.7495 0.2063 0.0804 0.0471
0 0.7012 0.2164 0.0341 0.0320
0 0.4998 0.4493 0.1478 0.0955
0 0.3963 0.4649 0.0704 0.0538
5 0.4124 0.4180 0.0754 0.0692
5 0.4603 0.4091 0.0628 0.0642
3 0.3527 0.4430 0.0744 0.0645
3 0.3218 0.3730 0.0734 0.0635
3 0.2836 0.4167 0.0698 0.0630
4 0.3932 0.3507 0.0873 0.0675
4 0.4730 0.3492 0.0771 0.0615
4 0.5165 0.3372 0.0747 0.0687
4 0.5817 0.3408 0.1131 0.0774
3 0.5483 0.4154 0.0721 0.0620
4 0.6662 0.4892 0.0804 0.0642
4 0.7146 0.5310 0.0833 0.0650
4 0.6574 0.5497 0.0794 0.0623
4 0.5976 0.5510 0.0675 0.0568
5 0.6381 0.6033 0.0744 0.0608
5 0.7262 0.5946 0.0873 0.0637
4 0.5551 0.8612 0.0565 0.0494
4 0.5289 0.9002 0.0513 0.0499
3 0.5828 0.5852 0.0546 0.0290
5 0.5893 0.5171 0.0582 0.0437
3 0.4616 0.4774 0.0602 0.0516