0 0.9003 0.5143 0.1981 0.1296
1 0.2728 0.6529 0.2545 0.2130
1 0.4313 0.5867 0.1952 0.1550
3 0.0357 0.0413 0.0683 0.0808
3 0.0676 0.1072 0.1096 0.1010
3 0.0809 0.1793 0.1208 0.1130
3 0.1497 0.1964 0.0853 0.0957
3 0.0558 0.2681 0.1083 0.0978
3 0.2035 0.2791 0.0865 0.0909
3 0.2038 0.2121 0.0500 0.0502
3 0.2082 0.3130 0.0696 0.0529
4 0.5133 0.2909 0.0343 0.0351
4 0.4869 0.3010 0.0327 0.0288
4 0.4665 0.2885 0.0208 0.0293
3 0.7111 0.3037 0.0356 0.0325
3 0.6960 0.3227 0.0311 0.0305
5 0.7846 0.3244 0.0359 0.0300
4 0.7327 0.2855 0.0404 0.0339
4 0.7287 0.3162 0.0343 0.0281
4 0.7713 0.2879 0.0394 0.0406
4 0.7571 0.3053 0.0295 0.0231
4 0.8112 0.2583 0.0333 0.0344
4 0.8186 0.2897 0.0423 0.0293
4 0.8101 0.2989 0.0413 0.0344
4 0.8053 0.3204 0.0298 0.0269
4 0.8316 0.5013 0.0952 0.0555
4 0.7495 0.5254 0.0978 0.0733
4 0.8295 0.5632 0.1032 0.0865
3 0.8958 0.5439 0.0647 0.0454
3 0.8864 0.5861 0.0804 0.0745
3 0.9561 0.6221 0.0840 0.0707
3 0.9370 0.6498 0.0644 0.0510
5 0.7627 0.6470 0.0548 0.0695
4 0.7122 0.5796 0.1147 0.0683
4 0.6989 0.6481 0.1074 0.1038
4 0.6008 0.6213 0.1010 0.0978
3 0.7457 0.7172 0.0997 0.0762
3 0.7897 0.7090 0.0603 0.0685
3 0.8136 0.7684 0.0811 0.0748
3 0.8375 0.7514 0.0615 0.0649
4 0.8415 0.6131 0.0407 0.0300
3 0.6446 0.7206 0.0699 0.0748
3 0.5545 0.7165 0.1115 0.0786
3 0.5518 0.6464 0.1099 0.0981
4 0.5011 0.6248 0.0978 0.1010
3 0.5580 0.7827 0.0872 0.0788
3 0.3546 0.6411 0.0946 0.0798
3 0.4452 0.6857 0.1083 0.0877
3 0.4393 0.7558 0.0939 0.0788
3 0.4851 0.8275 0.0843 0.0897
3 0.9003 0.6215 0.0353 0.0368
4 0.8824 0.6337 0.0308 0.0202
4 0.8987 0.6519 0.0256 0.0264
3 0.8764 0.6499 0.0260 0.0252