1 0.4873 0.5121 0.3016 0.2310
0 0.4869 0.6871 0.2224 0.1445
1 0.2351 0.6738 0.3279 0.2481
3 0.3697 0.1595 0.0587 0.0517
3 0.3329 0.2135 0.0522 0.0409
3 0.3641 0.2383 0.0506 0.0435
3 0.3476 0.2814 0.0452 0.0401
4 0.3130 0.3606 0.0548 0.0413
4 0.3231 0.4523 0.0494 0.0349
4 0.5034 0.4054 0.1196 0.0954
4 0.5345 0.4925 0.1138 0.0865
4 0.5046 0.5546 0.0369 0.0558
4 0.4564 0.5708 0.0917 0.0728
5 0.5720 0.5677 0.1189 0.0858
4 0.5192 0.6214 0.1038 0.0798
3 0.6692 0.5716 0.0917 0.0798
4 0.4466 0.6725 0.1163 0.0950
5 0.5101 0.7026 0.0734 0.0760
3 0.3737 0.6851 0.0519 0.0697
3 0.4301 0.7286 0.0904 0.0490
3 0.4769 0.7576 0.0769 0.0502
3 0.3937 0.7728 0.0894 0.0678
3 0.4458 0.8036 0.0590 0.0447
3 0.3729 0.7377 0.0388 0.0375
3 0.3248 0.4093 0.0471 0.0339
3 0.3130 0.4867 0.0426 0.0281
3 0.2929 0.5133 0.0429 0.0281
3 0.3213 0.5471 0.0407 0.0264
3 0.2833 0.5347 0.0353 0.0219
3 0.2460 0.5444 0.0304 0.0209
3 0.3500 0.5404 0.0314 0.0264
3 0.3510 0.5637 0.0263 0.0187
3 0.2744 0.5629 0.0269 0.0185
3 0.3861 0.3065 0.0279 0.0212
3 0.3497 0.3308 0.0308 0.0197