3 0.9347 0.2949 0.0605 0.0417
3 0.8920 0.3228 0.0513 0.0399
3 0.8614 0.2825 0.0622 0.0422
3 0.7146 0.3383 0.0562 0.0377
3 0.7599 0.2651 0.0622 0.0437
4 0.8327 0.2147 0.0794 0.0558
4 0.8021 0.1592 0.0823 0.0595
4 0.6982 0.1732 0.0651 0.0573
3 0.3046 0.7856 0.0893 0.0707
3 0.3729 0.7321 0.0711 0.0526
3 0.6506 0.8488 0.0823 0.0677
3 0.6825 0.7588 0.0542 0.0399
3 0.5732 0.7475 0.0724 0.0655
5 0.4947 0.7396 0.1065 0.0828
4 0.2743 0.4304 0.1095 0.0791
4 0.2146 0.5055 0.1263 0.0918
4 0.4249 0.6715 0.0893 0.0702
4 0.4527 0.5626 0.0966 0.0618
4 0.4813 0.6128 0.1214 0.0972
4 0.3282 0.6147 0.1267 0.0935
0 0.5331 0.4816 0.2321 0.1806