0 0.6420 0.3203 0.2192 0.1709
1 0.8447 0.3473 0.1928 0.1411
0 0.7176 0.4485 0.1733 0.1218
2 0.3571 0.7686 0.1376 0.1032
1 0.3062 0.5558 0.1025 0.0729
0 0.3781 0.5487 0.0612 0.0613
2 0.2953 0.5025 0.1118 0.0570
0 0.1824 0.4451 0.0863 0.0588
0 0.1477 0.4190 0.0387 0.0280
0 0.2106 0.4013 0.0840 0.0565
0 0.2915 0.4261 0.1353 0.1002
0 0.3456 0.4041 0.0754 0.0682
0 0.3952 0.4069 0.0476 0.0315
5 0.5580 0.4376 0.1405 0.0980
5 0.5114 0.3805 0.1075 0.0784
5 0.3477 0.4998 0.0691 0.0536
3 0.4034 0.4312 0.0602 0.0474
3 0.4466 0.4655 0.0863 0.0680
3 0.3839 0.5796 0.0833 0.0625
3 0.3647 0.6564 0.0595 0.0474
3 0.4269 0.7171 0.0794 0.0662
3 0.4972 0.5902 0.1075 0.0836
3 0.6123 0.5950 0.1227 0.0888
3 0.6635 0.7159 0.1022 0.0747
3 0.7173 0.7932 0.0754 0.0541
3 0.9077 0.7736 0.0562 0.0422
3 0.8725 0.6839 0.0804 0.0618
3 0.9403 0.5443 0.0651 0.0459
3 0.8107 0.5861 0.1035 0.0799
3 0.8267 0.5201 0.0813 0.0595
3 0.7111 0.4870 0.1114 0.0821
3 0.6877 0.3230 0.0665 0.0632
3 0.6379 0.4060 0.0893 0.0754