5 0.8398 0.6120 0.1048 0.0826
5 0.8074 0.5246 0.1088 0.0838
3 0.6503 0.4635 0.0876 0.0699
5 0.5294 0.5312 0.0886 0.0670
5 0.4383 0.5893 0.0956 0.0724
5 0.5504 0.6930 0.1306 0.0967
3 0.6472 0.6848 0.0661 0.0546
3 0.5271 0.7495 0.0483 0.0362
5 0.6316 0.7608 0.1144 0.0900
3 0.2280 0.5568 0.0929 0.0734
5 0.1473 0.6369 0.1319 0.0833
3 0.7908 0.4745 0.0499 0.0332
3 0.2750 0.7773 0.0294 0.0228
5 0.2801 0.7536 0.0311 0.0241
3 0.2946 0.7457 0.0271 0.0186
3 0.3153 0.7638 0.0301 0.0231
3 0.3059 0.7819 0.0258 0.0171
3 0.2788 0.6982 0.0265 0.0179
3 0.3061 0.6798 0.0248 0.0184
3 0.3160 0.7268 0.0235 0.0156
3 0.3312 0.7362 0.0288 0.0201
3 0.3396 0.7667 0.0251 0.0186
4 0.3416 0.7436 0.0337 0.0263
5 0.3348 0.6575 0.0427 0.0337
5 0.3520 0.7076 0.0460 0.0342
3 0.3717 0.6990 0.0437 0.0355
3 0.3689 0.7789 0.0215 0.0156
5 0.3970 0.7397 0.0440 0.0360
3 0.3226 0.7010 0.0195 0.0146
3 0.4010 0.7230 0.0400 0.0203
3 0.4304 0.7615 0.0354 0.0236
3 0.4291 0.7840 0.0420 0.0322
3 0.4456 0.8212 0.0380 0.0283
3 0.4173 0.8141 0.0291 0.0211
3 0.4458 0.8430 0.0265 0.0198
3 0.4229 0.8431 0.0304 0.0246
3 0.4990 0.2924 0.0337 0.0283
3 0.5336 0.3361 0.0347 0.0278
3 0.5838 0.3371 0.0367 0.0288
3 0.5833 0.3705 0.0218 0.0174
3 0.5718 0.4160 0.0278 0.0221
3 0.5498 0.4360 0.0301 0.0228
3 0.5539 0.4503 0.0245 0.0171
3 0.5131 0.4100 0.0294 0.0233
3 0.5124 0.4306 0.0255 0.0198
3 0.5107 0.4478 0.0235 0.0176
3 0.5425 0.4643 0.0228 0.0184
3 0.5241 0.4653 0.0159 0.0144
4 0.5402 0.5527 0.0274 0.0206
5 0.5053 0.5753 0.0245 0.0181
5 0.4886 0.5611 0.0241 0.0171
3 0.4760 0.5749 0.0248 0.0169
3 0.4792 0.5879 0.0198 0.0131
5 0.5670 0.5755 0.0281 0.0191
3 0.5395 0.5836 0.0241 0.0149
3 0.5394 0.5977 0.0251 0.0169
3 0.5223 0.5991 0.0175 0.0131
3 0.5807 0.5898 0.0258 0.0169
3 0.5630 0.5893 0.0155 0.0129
3 0.5845 0.6027 0.0222 0.0149
3 0.5073 0.7000 0.0205 0.0141
3 0.4931 0.6983 0.0139 0.0136
3 0.5372 0.6833 0.0228 0.0149
3 0.4995 0.6710 0.0175 0.0131
3 0.5195 0.6594 0.0238 0.0176
3 0.5489 0.6664 0.0212 0.0188
3 0.5332 0.6426 0.0241 0.0218
3 0.5458 0.6359 0.0274 0.0228
3 0.5590 0.6706 0.0294 0.0243
3 0.5709 0.6882 0.0274 0.0213
3 0.5734 0.7061 0.0258 0.0179
3 0.6068 0.6132 0.0271 0.0191
3 0.6053 0.6324 0.0308 0.0208
5 0.6182 0.6553 0.0327 0.0243
3 0.6367 0.6378 0.0188 0.0201
3 0.5891 0.7664 0.0182 0.0149
3 0.6100 0.7489 0.0222 0.0181
3 0.6093 0.6973 0.0274 0.0211
3 0.6091 0.6749 0.0271 0.0233
3 0.6374 0.6746 0.0301 0.0228
4 0.6435 0.7324 0.0231 0.0179
4 0.6371 0.7073 0.0215 0.0169
3 0.6584 0.6332 0.0304 0.0223
3 0.6896 0.6536 0.0294 0.0231
3 0.6721 0.6633 0.0175 0.0151
4 0.6615 0.7226 0.0228 0.0161
3 0.6599 0.6916 0.0308 0.0211
3 0.6534 0.7484 0.0238 0.0166
3 0.6764 0.7144 0.0255 0.0196
3 0.7161 0.6798 0.0268 0.0233
3 0.6443 0.7204 0.0175 0.0151
5 0.7073 0.7495 0.0231 0.0188
4 0.7126 0.7276 0.0212 0.0186
3 0.7009 0.7323 0.0208 0.0191
3 0.6779 0.7450 0.0205 0.0154
3 0.6903 0.7588 0.0222 0.0166
3 0.7186 0.7615 0.0198 0.0156
3 0.7356 0.7444 0.0122 0.0087
4 0.7320 0.7494 0.0241 0.0176
3 0.7492 0.7357 0.0228 0.0166
4 0.6058 0.5698 0.0185 0.0141
3 0.7447 0.3007 0.0258 0.0196
3 0.7378 0.3156 0.0271 0.0181
3 0.7280 0.3322 0.0235 0.0166
3 0.7158 0.3465 0.0162 0.0119
3 0.7007 0.3504 0.0205 0.0139
3 0.7121 0.2881 0.0268 0.0206
3 0.7068 0.3062 0.0281 0.0191
3 0.6989 0.3194 0.0261 0.0179
3 0.6936 0.3347 0.0169 0.0141
5 0.7517 0.6447 0.0165 0.0126
3 0.7688 0.6472 0.0139 0.0107
5 0.7098 0.5718 0.0222 0.0156
3 0.7211 0.5857 0.0169 0.0141
5 0.7145 0.5551 0.0202 0.0154
4 0.7067 0.5486 0.0192 0.0154
3 0.6943 0.5572 0.0162 0.0112
3 0.7470 0.5797 0.0205 0.0161
3 0.7474 0.5967 0.0218 0.0144
3 0.7480 0.6112 0.0159 0.0126
5 0.7659 0.5546 0.0179 0.0119
3 0.7783 0.5537 0.0116 0.0112
3 0.7703 0.5724 0.0202 0.0149
3 0.7827 0.5837 0.0159 0.0112
3 0.7993 0.5791 0.0198 0.0149
4 0.7993 0.5537 0.0225 0.0146
3 0.8019 0.5655 0.0225 0.0134
3 0.7341 0.5499 0.0179 0.0144
4 0.8601 0.5143 0.0225 0.0146
4 0.8426 0.4862 0.0179 0.0146
5 0.8504 0.5203 0.0188 0.0144
3 0.8360 0.5285 0.0179 0.0124
5 0.8275 0.5156 0.0188 0.0134
4 0.9105 0.5068 0.0182 0.0122
5 0.9196 0.5165 0.0185 0.0122
5 0.8960 0.5259 0.0215 0.0141
3 0.9284 0.5278 0.0169 0.0139
3 0.9147 0.5413 0.0179 0.0122