0 0.5977 0.4754 0.2219 0.1726
0 0.3844 0.5640 0.2755 0.2579
0 0.3636 0.4133 0.1935 0.1238
4 0.2295 0.4978 0.1157 0.0799
5 0.3178 0.5521 0.1316 0.1012
5 0.5377 0.5055 0.1296 0.0918
3 0.4344 0.5014 0.0942 0.0796
3 0.5041 0.6083 0.0982 0.0682
3 0.4006 0.6085 0.1141 0.0821
3 0.3487 0.6579 0.1015 0.0687
3 0.2984 0.6988 0.0823 0.0548
3 0.2163 0.5938 0.1104 0.0769
3 0.2115 0.6536 0.0916 0.0578
3 0.5040 0.3967 0.0880 0.0687
4 0.9337 0.0161 0.0704 0.0322
3 0.9319 0.0523 0.0741 0.0556
3 0.9094 0.1550 0.0780 0.0590
3 0.9056 0.1275 0.0704 0.0451
3 0.9365 0.2200 0.0562 0.0427
3 0.8846 0.2343 0.0688 0.0518
3 0.8841 0.2772 0.0605 0.0419
3 0.8100 0.1502 0.0757 0.0518
3 0.7563 0.1391 0.0562 0.0451
3 0.8135 0.2284 0.0569 0.0432
3 0.8065 0.2676 0.0569 0.0397
3 0.8122 0.3061 0.0397 0.0238
3 0.7571 0.2147 0.0651 0.0523
3 0.7197 0.1962 0.0499 0.0367
3 0.7561 0.2615 0.0427 0.0315
3 0.7062 0.2581 0.0453 0.0325