4 0.6882 0.4110 0.1283 0.0957
4 0.8171 0.5744 0.1501 0.0972
4 0.3014 0.6322 0.1042 0.0799
4 0.1574 0.4222 0.1065 0.0811
5 0.6726 0.5321 0.1111 0.0841
5 0.1946 0.6528 0.0989 0.0709
3 0.6473 0.6140 0.1009 0.0786
3 0.6129 0.6647 0.0909 0.0635
3 0.7149 0.6808 0.1276 0.0888
3 0.6637 0.7458 0.1025 0.0843
3 0.5848 0.7438 0.0691 0.0734
4 0.2052 0.5528 0.1042 0.0739
5 0.1313 0.4974 0.0966 0.0717
3 0.0665 0.5423 0.0893 0.0553
3 0.0949 0.6353 0.0807 0.0548
3 0.2254 0.7179 0.0837 0.0647
3 0.3249 0.7240 0.0744 0.0536
1 0.8580 0.9273 0.1227 0.1052
0 0.3692 0.4887 0.1789 0.1119
0 0.4061 0.5764 0.1190 0.0739
0 0.5025 0.5403 0.1425 0.0985
0 0.5653 0.4606 0.1075 0.0873
0 0.6410 0.4937 0.1551 0.0985