3 0.3681 0.7365 0.1760 0.1341
4 0.4484 0.5916 0.2019 0.1663
4 0.2253 0.5712 0.2551 0.1808
4 0.1984 0.1321 0.0449 0.0320
3 0.1572 0.1397 0.0349 0.0288
4 0.3014 0.2959 0.1240 0.0808
4 0.2760 0.3544 0.1538 0.1079
5 0.2731 0.4325 0.1340 0.0769
3 0.3042 0.5075 0.1192 0.0803
3 0.2984 0.5475 0.0904 0.0373
4 0.6399 0.6601 0.0965 0.0774
3 0.8668 0.5694 0.0529 0.0353
3 0.7125 0.6276 0.0423 0.0514
3 0.6207 0.6340 0.0676 0.0450
5 0.8288 0.6438 0.1077 0.0865
3 0.5236 0.6340 0.0522 0.0406
3 0.5396 0.6733 0.0484 0.0337
5 0.4643 0.7204 0.0984 0.0712
5 0.4428 0.9237 0.1042 0.0906