4 0.1295 0.4177 0.2589 0.1830
4 0.3778 0.3493 0.1948 0.1451
4 0.3644 0.5017 0.2242 0.1637
4 0.6215 0.4776 0.2424 0.1749
5 0.5336 0.6126 0.2596 0.1538
5 0.2941 0.2538 0.1723 0.1362
3 0.6285 0.3465 0.1465 0.1037
3 0.5613 0.3491 0.0949 0.1009
3 0.6224 0.4348 0.1124 0.0938
3 0.5643 0.4461 0.0651 0.0861
3 0.4324 0.4355 0.1306 0.1012
3 0.3300 0.5001 0.1382 0.1153
3 0.4150 0.5858 0.1157 0.1062
3 0.4263 0.6673 0.1025 0.0920
3 0.3052 0.6746 0.1118 0.1042
3 0.4444 0.7445 0.0952 0.0774
3 0.4314 0.8191 0.0691 0.0751
3 0.3333 0.7612 0.0985 0.0804
3 0.3442 0.8310 0.0972 0.0851
3 0.6472 0.5314 0.0866 0.0766
3 0.6688 0.5816 0.0718 0.0615
3 0.6219 0.6324 0.0658 0.0630
3 0.5837 0.6004 0.0622 0.0585
3 0.6233 0.6675 0.0536 0.0404